%YAML:1.0
CM1: !!opencv-matrix
   rows: 3
   cols: 3
   dt: d
   data: [ 1.7725018623661768e+002, 0., 1.2542617880864850e+002, 0.,
       1.7764589232121011e+002, 7.8321958452283098e+001, 0., 0., 1. ]
CM2: !!opencv-matrix
   rows: 3
   cols: 3
   dt: d
   data: [ 1.7725018623661768e+002, 0., 1.0352078717367066e+002, 0.,
       1.7764589232121011e+002, 8.7664804526186927e+001, 0., 0., 1. ]
D1: !!opencv-matrix
   rows: 1
   cols: 5
   dt: d
   data: [ -3.7527804967123679e-001, 4.0645583786293155e-002, 0., 0.,
       1.7398088735720538e-001 ]
D2: !!opencv-matrix
   rows: 1
   cols: 5
   dt: d
   data: [ -3.4306823352863763e-001, -4.6173460938775578e-002, 0., 0.,
       2.6059227479355224e-001 ]
R: !!opencv-matrix
   rows: 3
   cols: 3
   dt: d
   data: [ 9.9967783608160588e-001, -1.9620453866310537e-002,
       1.6101609772876477e-002, 2.0072037212802946e-002,
       9.9939564255019475e-001, -2.8380679586845814e-002,
       -1.5535036830528117e-002, 2.8694728466450645e-002,
       9.9946749581410144e-001 ]
T: !!opencv-matrix
   rows: 3
   cols: 1
   dt: d
   data: [ -1.2844718238055832e+000, 1.2295383055328804e-001,
       -2.4163383044395657e-003 ]
E: !!opencv-matrix
   rows: 3
   cols: 3
   dt: d
   data: [ -1.8615914537344108e-003, 5.9430047540206116e-003,
       1.2281977980065442e-001, -2.2369876938018597e-002,
       3.6904979861135501e-002, 1.2837489302462808e+000,
       -1.4869618551167796e-001, -1.2812831337297446e+000,
       3.4474428670108311e-002 ]
F: !!opencv-matrix
   rows: 3
   cols: 3
   dt: d
   data: [ -1.7433686121648583e-004, 5.5531889925454915e-004,
       2.0171034329888236e+000, -2.0902583712853495e-003,
       3.4407481060536728e-003, 2.1254640849025026e+001,
       -2.2669730839176467e+000, -2.1580233928597924e+001, 1. ]
R1: !!opencv-matrix
   rows: 3
   cols: 3
   dt: d
   data: [ 9.9318562599751770e-001, -1.1470735054694840e-001,
       2.0604272431182194e-002, 1.1498295040658067e-001,
       9.9328594278863225e-001, -1.2726231739818778e-002,
       -1.9006141841959541e-002, 1.5008650472219692e-002,
       9.9970671048227244e-001 ]
R2: !!opencv-matrix
   rows: 3
   cols: 3
   dt: d
   data: [ 9.9544802965842771e-001, -9.5287530714843943e-002,
       1.8726290133917033e-003, 9.5252273214835981e-002,
       9.9535476419407565e-001, 1.3996351080266990e-002,
       -3.1976079435041636e-003, -1.3754267934845767e-002,
       9.9990029273773906e-001 ]
P1: !!opencv-matrix
   rows: 3
   cols: 4
   dt: d
   data: [ 1.2356573349483789e+002, 0., 1.1489878559112549e+002, 0., 0.,
       1.2356573349483789e+002, 8.3727913856506348e+001, 0., 0., 0., 1.,
       0. ]
P2: !!opencv-matrix
   rows: 3
   cols: 4
   dt: d
   data: [ 1.2356573349483789e+002, 0., 1.1489878559112549e+002,
       -1.5944248050443196e+002, 0., 1.2356573349483789e+002,
       8.3727913856506348e+001, 0., 0., 0., 1., 0. ]
Q: !!opencv-matrix
   rows: 4
   cols: 4
   dt: d
   data: [ 1., 0., 0., -1.1489878559112549e+002, 0., 1., 0.,
       -8.3727913856506348e+001, 0., 0., 0., 1.2356573349483789e+002, 0.,
       0., 7.7498627156269795e-001, 0. ]
